200
368
454
218
175
122
408
62
40
250
73
439
352
112
258
228
454
321
412
56
132
254
420
54
451
262
209
250
458
352
150
175
140
383
358
232
136
361
209
495
381
371
132
13
231
169
120
462
437
216
43
470
277
281
49
20
143
242
49
83
460
225
372
13
360
476
79
91
131
3
65
32
178
151
315
141
87
312
35
76
277
439
429
461
75
335
333
92
284
140
235
84
428
22
25
159
363
289
182
402
302
173
163
24
328
152
161
85
392
389
210
55
218
284
371
462
246
416
368
460
237
216
389
152
224
168
43
256
25
417
456
203
137
359
75
178
290
4
250
171
84
437
45
360
359
321
484
433
435
116
191
33
172
384
341
126
341
8
404
78
443
30
414
130
350
495
169
499
396
150
411
113
347
331
353
393
312
444
252
135
119
371
140
433
74
2
274
224
407
2
26
12
147
141
445
305
90
483
378
280
72